# Test machine parameters

ID = GEN2
GEN_NO = 1
MVA_Rating = 100

Ra = 0.0
Xa = 0.0
Xd = 1.72
Xq = 1.66
Xdp = 0.378
Xqp = 0.378
Xdpp = 0.2
Xqpp = 0.2
Td0p = 5.982609
Tq0p = 4.5269841
Td0pp = 0.0575
Tq0pp = 0.0575
H = 4