%%%%%%%%%%%%%%%%%%%%%%%%%%%%%%%%%%%%%%%%%%%%%%%%%%%%%%%%%%%%%%%%%%%%%%%%%%%%%%%%%%%%%%%%%%%
%%%%                                                                  			 	  %%%%%
%%%%    IEEE PES Power Grid Library - Optimal Power Flow with HVDC Lines - v23.09     %%%%%
%%%%          (https://github.com/power-grid-lib/pglib-opf-hvdc)      				  %%%%%
%%%%               Benchmark Group - Typical Operations               				  %%%%%
%%%%                         23 - August - 2023                       				  %%%%%
%%%%                                                                  				  %%%%%
%%%%%%%%%%%%%%%%%%%%%%%%%%%%%%%%%%%%%%%%%%%%%%%%%%%%%%%%%%%%%%%%%%%%%%%%%%%%%%%%%%%%%%%%%%%
%
%   AC/DC grid OPF test case based on:
%   Sass, F., Sennewald, T., Marten, A.-K. and Westermann, D. (2017), 
%   Mixed AC high-voltage direct current benchmark test system for security constrained optimal power flow calculation. 
%   IET Gener. Transm. Distrib., 11: 447-455. https://doi.org/10.1049/iet-gtd.2016.0993
%
%   Copyright (c) 2023 by Hakan Ergun, Vaishally Bhardwaj ({hakan.ergun, vaishally.bhardwaj}@kuleuven.be)
%   Licensed under the Creative Commons Attribution 4.0
%   International license, http://creativecommons.org/licenses/by/4.0/
%

function mpc = case67
mpc.version = '2';
mpc.baseMVA = 100.0;

%% bus data
%	bus_i	type		Pd		Qd		  Gs	 Bs	   area		Vm	   Va		   baseKV	zone	  Vmax			 Vmin
mpc.bus = [
	1	 	3	 		0.0	 	0.0	 	  0.0	 0.0	 1	    1.0	    0	 		380.0	  1	      1.10000	    0.90000;
	2	 	2	 		0.0	    0.0	      0.0	 0.0	 1	    1.0	    0	 		380.0	  1	      1.10000	    0.90000;
	3	 	1	 		0.0	 	0.0	 	  0.0	 0.0	 1	    1.0	    0	 		380.0	  1	      1.10000	    0.90000;
	4	 	2	 		0.0	 	0.0	 	  0.0	 0.0	 1	    1.0	    0	 		380.0	  1	      1.10000	    0.90000;
	5	 	2	 	  	0.0	    0.0	      0.0	 0.0	 1	    1.0526	0	 		380.0	  1	      1.10000	    0.90000;
	6	 	1	 		191.0	76.0	  0.0	 0.0	 1	    1.0	    0	 		380.0	  1	      1.10000	    0.90000;
    7	 	1	 		0.0	 	0.0	 	  0.0	 0.0	 1	    1.0	    0	 		380.0	  1	      1.10000	    0.90000;
	8	 	1	 		287.0	73.0	  0.0	 0.0	 1	    1.0	    0	 		380.0	  1	      1.10000	    0.90000;
	9	 	1	 		186.0	74.0	  0.0	 0.0	 1	    1.0	    0	 		380.0	  1	      1.10000	    0.90000;
	10 		2	 		0.0	 	0.0	 	  0.0	 0.0	 1	    1.0	    0	 		380.0	  1	      1.10000	    0.90000;
	11 		1	 		271.0	55.0	  0.0	 0.0	 1	    1.0	    0	 		380.0	  1	      1.10000	    0.90000;
	12 		1	 		171.0	87.0	  0.0	 0.0	 1	    1.0	    0	 		380.0	  1	      1.10000	    0.90000;
	13 		2	 		0.0	 	0.0	 	  0.0	 0.0	 1	    1.0	    0	 		380.0	  1	      1.10000	    0.90000;
	14 		1	 		199.0	60.0	  0.0	 0.0	 1	    1.0	    0	 		380.0	  1	      1.10000	    0.90000;
	15 		1	 		113.0	52.5	  0.0	 0.0	 1	    1.0	    0	 		380.0	  1	      1.10000	    0.90000;
	16 		1	 		38  	7.0 	  0.0	 0.0	 1	    1.0	    0	 		380.0	  1	      1.10000	    0.90000;
	17 		1	 		275.0	106.0	  0.0	 0.0	 1	    1.0	    0	 		380.0	  1	      1.10000	    0.90000;
	18 		2	 		0.0	 	0.0	 	  0.0	 0.0	 1	    1.0	    0	 		380.0	  1	      1.10000	    0.90000;
	19 		1	 		165.0	46.0	  0.0	 0.0	 1	    1.0	    0	 		380.0	  1	      1.10000	    0.90000;
	20 		1	 		178.0	82.5	  0.0	 0.0	 1	    1.0	    0	 		380.0	  1	      1.10000	    0.90000;
	21 		1	 		0.0	 	0.0	      0.0	 0.0	 1	    1.0	    0	 		380.0	  1	      1.10000	    0.90000;
	22 		1	 		30.0	7.0	      0.0	 0.0	 1	    1.0	    0	 		380.0	  1	      1.10000	    0.90000;
	23 		1	 		0.0	 	0.0	 	  0.0	 0.0	 1	    1.0	    0	 		380.0	  1	      1.10000	    0.90000;
	24 		1	 		32.0	7.0	      0.0	 0.0	 1	    1.0	    0	 		380.0	  1	      1.10000	    0.90000;
	25 		2	 		0.0	 	0.0	 	  0.0	 0.0	 1	    1.0	    0	 		380.0	  1	      1.10000	    0.90000;
	26 		1	 		395.0	89.0	  0.0	 0.0	 2	    1.0	    0	 		380.0	  1	      1.10000	    0.90000;
	27 		1	 		0.0	 	0.0	 	  0.0	 0.0	 2	    1.0	    0	 		380.0	  1	      1.10000	    0.90000;
	28 		1	 		665.0	99.0	  0.0	 0.0	 2	    1.0	    0	 		380.0	  1	      1.10000	    0.90000;
	29 		2	 		0.0	 	0.0	 	  0.0	 0.0	 2	    1.0	    0	 		380.0	  1	      1.10000	    0.90000;
	30 		1	 		266.0	100.0	  0.0	 0.0	 2	    1.0	    0	 		380.0	  1	      1.10000	    0.90000;
	31 		1	 		845.0	119.0	  0.0	 0.0	 2	    1.0	    0	 		380.0	  1	      1.10000	    0.90000;
	32 		1	 		332.0	137.0	  0.0	 0.0	 2	    1.0	    0	 		380.0	  1	      1.10000	    0.90000;
	33 		2	 		0.0	 	0.0	 	  0.0	 0.0	 2	    1.0	    0	 		380.0	  1	      1.10000	    0.90000;
	34 		1	 		540.0	158.0	  0.0	 0.0	 2	    1.0	    0	 		380.0	  1	      1.10000	    0.90000;
	35 		1	 		460.0	97.0	  0.0	 0.0	 2	    1.0	    0	 		380.0	  1	      1.10000	    0.90000;
    36 		2	 		0.0	 	0.0	 	  0.0	 0.0	 2	    1.0	    0	 		380.0	  1	      1.10000	    0.90000;
	37 		1	 		451.0	190.0	  0.0	 0.0	 2	    1.0	    0	 		380.0	  1	      1.10000	    0.90000;
	38 		1	 		150.0	0.0	      0.0	 0.0	 2	    1.0	    0	 		380.0	  1	      1.10000	    0.90000;
	39 		1	 		629.0	87.0	  0.0	 0.0	 2	    1.0	    0	 		380.0	  1	      1.10000	    0.90000;
	40 		1	 		0.0	 	0.0	 	  0.0	 0.0	 2	    1.0	    0	 		380.0	  1	      1.10000	    0.90000;
	41 		2	 		0.0	 	0.0	 	  0.0	 0.0	 2	    1.0	    0	 		380.0	  1	      1.10000	    0.90000;
	42 		1	 		859.0	180.0	  0.0	 0.0	 2	    1.0	    0	 		380.0	  1	      1.10000	    0.90000;
	43 		2	 		0.0	 	0.0	 	  0.0	 0.0	 2	    1.0	    0	 		380.0	  1	      1.10000	    0.90000;
	44 		1	 		474.0	92.0	  0.0	 0.0	 2	    1.0	    0	 		380.0	  1	      1.10000	    0.90000;
	45 		1	 		668.0	109.0	  0.0	 0.0	 2	    1.0	    0	 		380.0	  1	      1.10000	    0.90000;
	46 		1	 		614.0	95.0	  0.0	 0.0	 2	    1.0	    0	 		380.0	  1	      1.10000	    0.90000;
	47 		1	 		81.0	0.0	      0.0	 0.0	 2	    1.0	    0	 		380.0	  1	      1.10000	    0.90000;
	48 		1	 		0.0	 	0.0	 	  0.0	 0.0	 2	    1.0	    0	 		380.0	  1	      1.10000	    0.90000;
	49 		1	 		0.0	 	0.0	 	  0.0	 0.0	 2	    1.0	    0	 		380.0	  1	      1.10000	    0.90000;
	50 		2	 		0.0	 	0.0	 	  0.0	 0.0	 2	    1.0	    0	 		380.0	  1	      1.10000	    0.90000;
	51 		1	 		430.0	123.0	  0.0	 0.0	 3	    1.0	    0	 		380.0	  1	      1.10000	    0.90000;
	52 		1	 		309.0	102.0	  0.0	 0.0	 3	    1.0	    0	 		380.0	  1	      1.10000	    0.90000;
	53 		1	 		100.0	30.0	  0.0	 0.0	 3	    1.0	    0	 		380.0	  1	      1.10000	    0.90000;
	54 		1	 		0.0	    0.0	      0.0	 0.0	 3	    1.0	    0	 		380.0	  1	      1.10000	    0.90000;
	55 		1	 		303.0	110.0	  0.0	 0.0	 3	    1.0	    0	 		380.0	  1	      1.10000	    0.90000;
	56 		2	 		0.0	    0.0	      0.0	 0.0	 3	    1.0	    0	 		380.0	  1	      1.10000	    0.90000;
	57 		1	 		0.0	    0.0	      0.0	 0.0	 3	    1.0	    0	 		380.0	  1	      1.10000	    0.90000;
	58 		1	 		324.0	157.0	  0.0	 0.0	 3	    1.0	    0	 		380.0	  1	      1.10000	    0.90000;
	59 		2	 		0.0	    0.0	      0.0	 0.0	 3	    1.0	    0	 		380.0	  1	      1.10000	    0.90000;
	60 		1	 		115.0	42.0	  0.0	 0.0	 3	    1.0	    0	 		380.0	  1	      1.10000	    0.90000;
	61 		1	 		187.0	75.0	  0.0	 0.0	 3	    1.0	    0	 		380.0	  1	      1.10000	    0.90000;
	62 		1	 		319.0	95.0	  0.0	 0.0	 3	    1.0	    0	 		380.0	  1	      1.10000	    0.90000;
	63 		2 			0.0	    0.0	      0.0	 0.0	 3	    1.0	    0	 		380.0	  1	      1.10000	    0.90000;
	64 		2 			0.0	    0.0	      0.0	 0.0	 3	    1.0	    0	 		380.0	  1	      1.10000	    0.90000;
	65 		1 			315.0	97.0	  0.0	 0.0	 3	    1.0	    0	 		380.0	  1	      1.10000	    0.90000;
	66 		2 			0.0	    0.0	      0.0	 0.0	 3	    1.0	    0	 		380.0	  1	      1.10000	    0.90000;
	67 		2 			0.0	    0.0	      0.0	 0.0	 4	    1.0	    0	 		380.0	  1	      1.10000	    0.90000;
	
];

%% generator data
%	bus	   Pg	  Qg		Qmax		 Qmin	  Vg	   mBase	status		Pmax	  Pmin	 Pc1	 Pc2   Qc1min	Qc1max    Qc2min	Qc2max	ramp_agc	    ramp_10	      ramp_30	  ramp_q	   apf         alpha
